0.000000e+00
1.352706e-01
4.247190e-01
7.795958e-01
1.172317e+00
1.587486e+00
2.017289e+00
2.456967e+00
2.904182e+00
3.356895e+00
3.813600e+00
4.273387e+00
4.735199e+00
5.198914e+00
5.664642e+00
6.131298e+00
6.598772e+00
7.066802e+00
7.534558e+00
8.002720e+00
8.471052e+00
8.939491e+00
9.406822e+00
9.874638e+00
1.034320e+01
1.081138e+01
1.127953e+01
1.174768e+01
1.221553e+01
1.268272e+01
1.314967e+01
1.361695e+01
1.408496e+01
1.455242e+01
1.502032e+01
1.548835e+01
1.595594e+01
1.642328e+01
1.688931e+01
1.735446e+01
1.781822e+01
1.828057e+01
1.874325e+01
1.920525e+01
1.966685e+01
2.012808e+01
2.058996e+01
2.105292e+01
2.151602e+01
2.198019e+01
2.244615e+01
2.291343e+01
2.338175e+01
2.385008e+01
2.431856e+01
2.478655e+01
2.525380e+01
2.572042e+01
2.618565e+01
2.664906e+01
2.710971e+01
2.756837e+01
2.802538e+01
2.848043e+01
2.893576e+01
2.939068e+01
2.984560e+01
3.029941e+01
3.075284e+01
3.120742e+01
3.166193e+01
3.211681e+01
3.257164e+01
3.302445e+01
3.347486e+01
3.392379e+01
3.437084e+01
3.481710e+01
3.526438e+01
3.571040e+01
3.615510e+01
3.659965e+01
3.704386e+01
3.748732e+01
3.793220e+01
3.837978e+01
3.882859e+01
3.927801e+01
3.972796e+01
4.017766e+01
4.062696e+01
4.107552e+01
4.152413e+01
4.197251e+01
4.242069e+01
4.287019e+01
4.332046e+01
4.377106e+01
4.422136e+01
4.467052e+01
4.511935e+01
4.556939e+01
4.602032e+01
4.647118e+01
4.692264e+01
4.737410e+01
4.782407e+01
4.827204e+01
4.871823e+01
4.916313e+01
4.960935e+01
5.005715e+01
5.050743e+01
5.095956e+01
5.141256e+01
5.186577e+01
5.232037e+01
5.277576e+01
5.323036e+01
5.368385e+01
5.413659e+01
5.458789e+01
5.503885e+01
5.549080e+01
5.594390e+01
5.639578e+01
5.684655e+01
5.729498e+01
5.774123e+01
5.818429e+01
5.862488e+01
5.906415e+01
5.950283e+01
5.994115e+01
6.038034e+01
6.082022e+01
6.126011e+01
6.169919e+01
6.213889e+01
6.257984e+01
6.301975e+01
6.345789e+01
6.389541e+01
6.433198e+01
6.476983e+01
6.520759e+01
6.564438e+01
6.608149e+01
6.651882e+01
6.695623e+01
6.739434e+01
6.783251e+01
6.827147e+01
6.871174e+01
6.915134e+01
6.959007e+01
7.002719e+01
7.046523e+01
7.090312e+01
7.133989e+01
7.177388e+01
7.220704e+01
7.264099e+01
7.307303e+01
7.350622e+01
7.394135e+01
7.437780e+01
7.481389e+01
7.524961e+01
7.568552e+01
7.612060e+01
7.655649e+01
7.699451e+01
7.743196e+01
7.786834e+01
7.830402e+01
7.874044e+01
7.917884e+01
7.962049e+01
8.006132e+01
8.049926e+01
8.093707e+01
8.137363e+01
8.180851e+01
8.224579e+01
8.268553e+01
8.312516e+01
8.356585e+01
8.400671e+01
8.444678e+01
8.488799e+01
8.532871e+01
8.576864e+01
8.620686e+01
8.664431e+01
8.708330e+01
8.752365e+01
8.796494e+01
8.840814e+01
8.885203e+01
8.929617e+01
8.974237e+01
9.019108e+01
9.064064e+01
9.109030e+01
9.154103e+01
9.199147e+01
9.243930e+01
9.288618e+01
9.333197e+01
9.377886e+01
9.422581e+01
9.467446e+01
9.512403e+01
9.557280e+01
9.602059e+01
9.646921e+01
9.691730e+01
9.736550e+01
9.781412e+01
9.826361e+01
9.871263e+01
9.916161e+01
9.961136e+01
1.000632e+02
1.005130e+02
1.009624e+02
1.014106e+02
1.018588e+02
1.023043e+02
1.027463e+02
1.031883e+02
1.036304e+02
1.040746e+02
1.045192e+02
1.049622e+02
1.054045e+02
1.058449e+02
1.062844e+02
1.067246e+02
1.071640e+02
1.076014e+02
1.080362e+02
1.084694e+02
1.089040e+02
1.093387e+02
1.097727e+02
1.102079e+02
1.106448e+02
1.110822e+02
1.115217e+02
1.119615e+02
1.124023e+02
1.128443e+02
1.132840e+02
1.137220e+02
1.141591e+02
1.145985e+02
1.150384e+02
1.154772e+02
1.159110e+02
1.163419e+02
1.167729e+02
1.172026e+02
1.176319e+02
1.180599e+02
1.184883e+02
1.189180e+02
1.193495e+02
1.197820e+02
1.202131e+02
1.206437e+02
1.210766e+02
1.215089e+02
1.219405e+02
1.223707e+02
1.228020e+02
1.232353e+02
1.236723e+02
1.241101e+02
1.245472e+02
1.249854e+02
1.254227e+02
1.258576e+02
1.262923e+02
1.267304e+02
1.271695e+02
1.276111e+02
1.280531e+02
1.284932e+02
1.289333e+02
1.293720e+02
1.298100e+02
1.302473e+02
1.306845e+02
1.311224e+02
1.315604e+02
1.319999e+02
1.324416e+02
1.328852e+02
1.333282e+02
1.337720e+02
1.342195e+02
1.346699e+02
1.351215e+02
1.355744e+02
1.360291e+02
1.364827e+02
1.369354e+02
1.373862e+02
1.378384e+02
1.382903e+02
1.387437e+02
1.391969e+02
1.396492e+02
1.401005e+02
1.405522e+02
1.410049e+02
1.414583e+02
1.419119e+02
1.423641e+02
1.428154e+02
1.432671e+02
1.437191e+02
1.441721e+02
1.446238e+02
1.450751e+02
1.455248e+02
1.459752e+02
1.464254e+02
1.468750e+02
1.473250e+02
1.477742e+02
1.482238e+02
1.486737e+02
1.491236e+02
1.495735e+02
1.500216e+02
1.504686e+02
1.509162e+02
1.513634e+02
1.518074e+02
1.522497e+02
1.526911e+02
1.531329e+02
1.535756e+02
1.540181e+02
1.544632e+02
1.549102e+02
1.553566e+02
1.558042e+02
1.562536e+02
1.567052e+02
1.571573e+02
1.576075e+02
1.580547e+02
1.584998e+02
1.589466e+02
1.593925e+02
1.598371e+02
1.602758e+02
1.607116e+02
1.611463e+02
1.615800e+02
1.620135e+02
1.624435e+02
1.628699e+02
1.632947e+02
1.637211e+02
1.641493e+02
1.645763e+02
1.649994e+02
1.654228e+02
1.658437e+02
1.662634e+02
1.666807e+02
1.670967e+02
1.675126e+02
1.679327e+02
1.683533e+02
1.687751e+02
1.691973e+02
1.696180e+02
1.700379e+02
1.704584e+02
1.708829e+02
1.713098e+02
1.717383e+02
1.721704e+02
1.726035e+02
1.730377e+02
1.734719e+02
1.739037e+02
1.743340e+02
1.747637e+02
1.751930e+02
1.756247e+02
1.760602e+02
1.764980e+02
1.769379e+02
1.773759e+02
1.778125e+02
1.782513e+02
1.786917e+02
1.791317e+02
1.795711e+02
1.800102e+02
1.804478e+02
1.808854e+02
1.813224e+02
1.817630e+02
1.822050e+02
1.826475e+02
1.830897e+02
1.835317e+02
1.839712e+02
1.844104e+02
1.848512e+02
1.852944e+02
1.857382e+02
1.861787e+02
1.866192e+02
1.870629e+02
1.875076e+02
1.879534e+02
1.883995e+02
1.888457e+02
1.892924e+02
1.897419e+02
1.901932e+02
1.906426e+02
1.910916e+02
1.915396e+02
1.919884e+02
1.924374e+02
1.928870e+02
1.933363e+02
1.937821e+02
1.942262e+02
1.946707e+02
1.951133e+02
1.955525e+02
1.959902e+02
1.964291e+02
1.968690e+02
1.973080e+02
1.977461e+02
1.981864e+02
1.986278e+02
1.990684e+02
1.995118e+02
1.999582e+02
2.004091e+02
2.008603e+02
2.013095e+02
2.017567e+02
2.022018e+02
2.026475e+02
2.030927e+02
2.035351e+02
2.039711e+02
2.044018e+02
2.048306e+02
2.052574e+02
2.056831e+02
2.061076e+02
2.065301e+02
2.069525e+02
2.073765e+02
2.078037e+02
2.082311e+02
2.086545e+02
2.090768e+02
2.094961e+02
2.099146e+02
2.103307e+02
2.107447e+02
2.111571e+02
2.115722e+02
2.119873e+02
2.124019e+02
2.128172e+02
2.132309e+02
2.136435e+02
2.140549e+02
2.144706e+02
2.148897e+02
2.153114e+02
2.157372e+02
2.161640e+02
2.165894e+02
2.170137e+02
2.174357e+02
2.178553e+02
2.182720e+02
2.186877e+02
2.191053e+02
2.195261e+02
2.199502e+02
2.203768e+02
2.208042e+02
