0.000000e+00
3.330409e-01
1.046259e+00
1.919524e+00
2.897306e+00
3.951073e+00
5.062088e+00
6.216705e+00
7.406241e+00
8.624647e+00
9.867115e+00
1.112943e+01
1.240790e+01
1.369859e+01
1.500258e+01
1.631977e+01
1.764699e+01
1.898269e+01
2.032639e+01
2.167716e+01
2.303555e+01
2.440096e+01
2.577091e+01
2.714355e+01
2.851852e+01
2.989915e+01
3.128750e+01
3.268306e+01
3.408456e+01
3.548854e+01
3.689179e+01
3.829423e+01
3.969729e+01
4.110240e+01
4.251074e+01
4.392363e+01
4.534091e+01
4.676193e+01
4.818451e+01
4.961101e+01
5.103982e+01
5.247393e+01
5.391305e+01
5.535536e+01
5.680114e+01
5.825287e+01
5.971024e+01
6.117196e+01
6.263651e+01
6.410304e+01
6.557107e+01
6.704317e+01
6.851786e+01
6.999518e+01
7.147516e+01
7.295999e+01
7.444917e+01
7.593991e+01
7.743268e+01
7.892990e+01
8.043215e+01
8.193749e+01
8.344735e+01
8.495763e+01
8.646708e+01
8.797670e+01
8.948790e+01
9.100086e+01
9.251496e+01
9.403289e+01
9.555520e+01
9.707818e+01
9.859659e+01
1.001107e+02
1.016212e+02
1.031265e+02
1.046289e+02
1.061273e+02
1.076268e+02
1.091327e+02
1.106441e+02
1.121616e+02
1.136778e+02
1.151898e+02
1.166988e+02
1.182063e+02
1.197076e+02
1.212019e+02
1.226943e+02
1.241850e+02
1.256742e+02
1.271650e+02
1.286571e+02
1.301483e+02
1.316399e+02
1.331263e+02
1.346074e+02
1.360839e+02
1.375568e+02
1.390260e+02
1.404929e+02
1.419603e+02
1.434288e+02
1.448979e+02
1.463640e+02
1.478284e+02
1.492954e+02
1.507628e+02
1.522280e+02
1.536950e+02
1.551613e+02
1.566267e+02
1.580932e+02
1.595592e+02
1.610246e+02
1.624921e+02
1.639564e+02
1.654171e+02
1.668754e+02
1.683341e+02
1.697912e+02
1.712490e+02
1.727106e+02
1.741716e+02
1.756307e+02
1.770921e+02
1.785545e+02
1.800193e+02
1.814850e+02
1.829497e+02
1.844098e+02
1.858729e+02
1.873339e+02
1.887909e+02
1.902482e+02
1.917115e+02
1.931765e+02
1.946427e+02
1.961107e+02
1.975857e+02
1.990651e+02
2.005511e+02
2.020419e+02
2.035354e+02
2.050327e+02
2.065399e+02
2.080563e+02
2.095730e+02
2.110906e+02
2.126089e+02
2.141298e+02
2.156528e+02
2.171761e+02
2.186984e+02
2.202229e+02
2.217514e+02
2.232854e+02
2.248208e+02
2.263536e+02
2.278822e+02
2.294118e+02
2.309437e+02
2.324778e+02
2.340117e+02
2.355424e+02
2.370695e+02
2.385961e+02
2.401223e+02
2.416456e+02
2.431670e+02
2.446912e+02
2.462183e+02
2.477429e+02
2.492636e+02
2.507754e+02
2.522816e+02
2.537841e+02
2.552823e+02
2.567823e+02
2.582921e+02
2.598077e+02
2.613298e+02
2.628505e+02
2.643675e+02
2.658800e+02
2.673851e+02
2.688774e+02
2.703608e+02
2.718424e+02
2.733212e+02
2.747993e+02
2.762818e+02
2.777683e+02
2.792541e+02
2.807400e+02
2.822142e+02
2.836793e+02
2.851390e+02
2.865930e+02
2.880440e+02
2.894919e+02
2.909363e+02
2.923814e+02
2.938301e+02
2.952783e+02
2.967204e+02
2.981617e+02
2.996013e+02
3.010396e+02
3.024779e+02
3.039200e+02
3.053755e+02
3.068418e+02
3.083139e+02
3.097881e+02
3.112667e+02
3.127482e+02
3.142304e+02
3.157115e+02
3.171993e+02
3.186911e+02
3.201839e+02
3.216844e+02
3.231884e+02
3.246928e+02
3.262008e+02
3.277098e+02
3.292170e+02
3.307173e+02
3.322137e+02
3.337041e+02
3.351942e+02
3.366853e+02
3.381735e+02
3.396572e+02
3.411425e+02
3.426308e+02
3.441208e+02
3.456053e+02
3.470869e+02
3.485691e+02
3.500597e+02
3.515578e+02
3.530608e+02
3.545670e+02
3.560825e+02
3.576072e+02
3.591327e+02
3.606628e+02
3.621938e+02
3.637281e+02
3.652658e+02
3.668003e+02
3.683315e+02
3.698637e+02
3.713990e+02
3.729431e+02
3.744872e+02
3.760263e+02
3.775578e+02
3.790831e+02
3.806111e+02
3.821373e+02
3.836579e+02
3.851690e+02
3.866747e+02
3.881786e+02
3.896767e+02
3.911700e+02
3.926618e+02
3.941599e+02
3.956616e+02
3.971581e+02
3.986538e+02
4.001397e+02
4.016239e+02
4.031062e+02
4.045840e+02
4.060531e+02
4.075244e+02
4.090022e+02
4.104840e+02
4.119620e+02
4.134375e+02
4.149055e+02
4.163674e+02
4.178210e+02
4.192638e+02
4.207047e+02
4.221404e+02
4.235702e+02
4.250069e+02
4.264540e+02
4.279013e+02
4.293496e+02
4.307944e+02
4.322382e+02
4.336768e+02
4.351128e+02
4.365529e+02
4.379898e+02
4.394283e+02
4.408758e+02
4.423314e+02
4.437852e+02
4.452300e+02
4.466693e+02
4.481067e+02
4.495440e+02
4.509696e+02
4.523936e+02
4.538291e+02
4.552725e+02
4.567261e+02
4.581872e+02
4.596483e+02
4.611042e+02
4.625568e+02
4.640108e+02
4.654742e+02
4.669448e+02
4.684173e+02
4.698943e+02
4.713728e+02
4.728458e+02
4.743184e+02
4.757881e+02
4.772574e+02
4.787200e+02
4.801776e+02
4.816333e+02
4.830888e+02
4.845457e+02
4.860035e+02
4.874555e+02
4.889045e+02
4.903524e+02
4.917984e+02
4.932370e+02
4.946680e+02
4.961017e+02
4.975431e+02
4.989971e+02
5.004654e+02
5.019453e+02
5.034358e+02
5.049404e+02
5.064471e+02
5.079596e+02
5.094696e+02
5.109804e+02
5.124966e+02
5.140129e+02
5.155282e+02
5.170408e+02
5.185561e+02
5.200786e+02
5.216004e+02
5.231147e+02
5.246144e+02
5.261079e+02
5.276067e+02
5.291039e+02
5.306003e+02
5.320892e+02
5.335713e+02
5.350485e+02
5.365231e+02
5.379922e+02
5.394524e+02
5.409160e+02
5.423826e+02
5.438387e+02
5.452896e+02
5.467301e+02
5.481625e+02
5.495931e+02
5.510197e+02
5.524355e+02
5.538564e+02
5.552849e+02
5.567150e+02
5.581410e+02
5.595610e+02
5.609723e+02
5.623711e+02
5.637596e+02
5.651386e+02
5.665102e+02
5.678745e+02
5.692356e+02
5.706051e+02
5.719855e+02
5.733680e+02
5.747525e+02
5.761385e+02
5.775307e+02
5.789250e+02
5.803227e+02
5.817264e+02
5.831297e+02
5.845394e+02
5.859644e+02
5.874041e+02
5.888500e+02
5.902868e+02
5.917206e+02
5.931580e+02
5.945914e+02
5.960117e+02
5.974316e+02
5.988643e+02
6.003071e+02
6.017608e+02
6.032271e+02
6.046943e+02
6.061541e+02
6.076090e+02
6.090630e+02
6.105257e+02
6.119937e+02
6.134605e+02
6.149263e+02
6.163904e+02
6.178496e+02
6.193033e+02
6.207478e+02
6.221905e+02
6.236324e+02
6.250757e+02
6.265266e+02
6.279773e+02
6.294336e+02
6.308932e+02
6.323472e+02
6.337927e+02
6.352390e+02
6.366814e+02
6.381175e+02
6.395501e+02
6.409852e+02
6.424259e+02
6.438775e+02
6.453406e+02
6.468152e+02
6.483045e+02
6.498123e+02
6.513246e+02
6.528462e+02
6.543722e+02
6.559025e+02
6.574362e+02
6.589655e+02
6.604945e+02
6.620211e+02
6.635526e+02
6.650978e+02
6.666487e+02
6.681938e+02
6.697223e+02
6.712427e+02
6.727674e+02
6.742834e+02
6.758012e+02
6.773100e+02
6.788062e+02
6.802975e+02
6.817814e+02
6.832540e+02
6.847199e+02
6.861886e+02
6.876525e+02
6.891043e+02
6.905515e+02
6.919840e+02
6.934044e+02
6.948243e+02
6.962452e+02
6.976568e+02
6.990679e+02
7.004816e+02
7.018902e+02
7.032881e+02
7.046828e+02
7.060648e+02
7.074339e+02
7.087910e+02
7.101395e+02
7.114704e+02
7.127909e+02
7.141028e+02
7.154188e+02
7.167430e+02
7.180636e+02
7.193814e+02
7.206985e+02
7.220189e+02
7.233417e+02
7.246724e+02
7.260049e+02
7.273368e+02
