0.000000e+00
5.480079e-01
1.524331e+00
2.481037e+00
3.381414e+00
4.235535e+00
5.057354e+00
5.857448e+00
6.641664e+00
7.414436e+00
8.181012e+00
8.944795e+00
9.705646e+00
1.046412e+01
1.121716e+01
1.196468e+01
1.270974e+01
1.345414e+01
1.419786e+01
1.494224e+01
1.568620e+01
1.642580e+01
1.716148e+01
1.789434e+01
1.862238e+01
1.934503e+01
2.006371e+01
2.077742e+01
2.148843e+01
2.219755e+01
2.290582e+01
2.361626e+01
2.432711e+01
2.503614e+01
2.574255e+01
2.644664e+01
2.715090e+01
2.785287e+01
2.855107e+01
2.924400e+01
2.993181e+01
3.061348e+01
3.129201e+01
3.197464e+01
3.266079e+01
3.334456e+01
3.402986e+01
3.471523e+01
3.540234e+01
3.609260e+01
3.678654e+01
3.748594e+01
3.818486e+01
3.887807e+01
3.957083e+01
4.026315e+01
4.095713e+01
4.165050e+01
4.234429e+01
4.304095e+01
4.373714e+01
4.443106e+01
4.512410e+01
4.581946e+01
4.651381e+01
4.720669e+01
4.790490e+01
4.860860e+01
4.931417e+01
5.001919e+01
5.072355e+01
5.142456e+01
5.212164e+01
5.281969e+01
5.351795e+01
5.421369e+01
5.490695e+01
5.560222e+01
5.630110e+01
5.700068e+01
5.769548e+01
5.838962e+01
5.908332e+01
5.977836e+01
6.047456e+01
6.117145e+01
6.186504e+01
6.255437e+01
6.323833e+01
6.392685e+01
6.462537e+01
6.532750e+01
6.603100e+01
6.673276e+01
6.743328e+01
6.813755e+01
6.884229e+01
6.954651e+01
7.025175e+01
7.096425e+01
7.168495e+01
7.240469e+01
7.312169e+01
7.383752e+01
7.455398e+01
7.527003e+01
7.598569e+01
7.670172e+01
7.741744e+01
7.813097e+01
7.884361e+01
7.955707e+01
8.027416e+01
8.099583e+01
8.171343e+01
8.242479e+01
8.313433e+01
8.384151e+01
8.454628e+01
8.525089e+01
8.595894e+01
8.666578e+01
8.736895e+01
8.806941e+01
8.876596e+01
8.945630e+01
9.014114e+01
9.082033e+01
9.149887e+01
9.217388e+01
9.284368e+01
9.350920e+01
9.417752e+01
9.485137e+01
9.553276e+01
9.621296e+01
9.689042e+01
9.756780e+01
9.824780e+01
9.892598e+01
9.960159e+01
1.002761e+02
1.009512e+02
1.016291e+02
1.023149e+02
1.030036e+02
1.036934e+02
1.043786e+02
1.050667e+02
1.057613e+02
1.064560e+02
1.071501e+02
1.078469e+02
1.085386e+02
1.092266e+02
1.099137e+02
1.106006e+02
1.112859e+02
1.119717e+02
1.126624e+02
1.133502e+02
1.140337e+02
1.147165e+02
1.154029e+02
1.160894e+02
1.167780e+02
1.174739e+02
1.181792e+02
1.188873e+02
1.195948e+02
1.203002e+02
1.210000e+02
1.216910e+02
1.223788e+02
1.230668e+02
1.237552e+02
1.244473e+02
1.251463e+02
1.258495e+02
1.265563e+02
1.272605e+02
1.279628e+02
1.286647e+02
1.293615e+02
1.300542e+02
1.307471e+02
1.314449e+02
1.321388e+02
1.328257e+02
1.335105e+02
1.342058e+02
1.349125e+02
1.356204e+02
1.363304e+02
1.370418e+02
1.377556e+02
1.384637e+02
1.391674e+02
1.398731e+02
1.405854e+02
1.413056e+02
1.420258e+02
1.427449e+02
1.434646e+02
1.441896e+02
1.449200e+02
1.456491e+02
1.463789e+02
1.471123e+02
1.478442e+02
1.485766e+02
1.493077e+02
1.500429e+02
1.507783e+02
1.515079e+02
1.522349e+02
1.529659e+02
1.536957e+02
1.544192e+02
1.551365e+02
1.558576e+02
1.565849e+02
1.573162e+02
1.580466e+02
1.587719e+02
1.594933e+02
1.602115e+02
1.609194e+02
1.616284e+02
1.623380e+02
1.630458e+02
1.637499e+02
1.644489e+02
1.651541e+02
1.658692e+02
1.665780e+02
1.672786e+02
1.679817e+02
1.686938e+02
1.694093e+02
1.701178e+02
1.708237e+02
1.715260e+02
1.722231e+02
1.729212e+02
1.736128e+02
1.742991e+02
1.749782e+02
1.756552e+02
1.763370e+02
1.770216e+02
1.777057e+02
1.783865e+02
1.790653e+02
1.797402e+02
1.804092e+02
1.810801e+02
1.817511e+02
1.824198e+02
1.830888e+02
1.837555e+02
1.844221e+02
1.850999e+02
1.857848e+02
1.864767e+02
1.871684e+02
1.878636e+02
1.885675e+02
1.892742e+02
1.899809e+02
1.906846e+02
1.913841e+02
1.920734e+02
1.927583e+02
1.934446e+02
1.941362e+02
1.948326e+02
1.955279e+02
1.962192e+02
1.969097e+02
1.975999e+02
1.982919e+02
1.989836e+02
1.996662e+02
2.003474e+02
2.010312e+02
2.017159e+02
2.023921e+02
2.030589e+02
2.037205e+02
2.043885e+02
2.050626e+02
2.057395e+02
2.064208e+02
2.071022e+02
2.077897e+02
2.084805e+02
2.091696e+02
2.098575e+02
2.105513e+02
2.112463e+02
2.119395e+02
2.126353e+02
2.133280e+02
2.140253e+02
2.147297e+02
2.154319e+02
2.161338e+02
2.168362e+02
2.175338e+02
2.182305e+02
2.189269e+02
2.196302e+02
2.203378e+02
2.210348e+02
2.217262e+02
2.224172e+02
2.231077e+02
2.238003e+02
2.244845e+02
2.251702e+02
2.258593e+02
2.265572e+02
2.272580e+02
2.279579e+02
2.286630e+02
2.293696e+02
2.300627e+02
2.307530e+02
2.314454e+02
2.321288e+02
2.328147e+02
2.335046e+02
2.341954e+02
2.348939e+02
2.355965e+02
2.363010e+02
2.370093e+02
2.377285e+02
2.384521e+02
2.391713e+02
2.398894e+02
2.406013e+02
2.413077e+02
2.420136e+02
2.427133e+02
2.434102e+02
2.441007e+02
2.447852e+02
2.454752e+02
2.461657e+02
2.468520e+02
2.475395e+02
2.482236e+02
2.488960e+02
2.495594e+02
2.502212e+02
2.508832e+02
2.515473e+02
2.522183e+02
2.528834e+02
2.535372e+02
2.541930e+02
2.548528e+02
2.555141e+02
2.561761e+02
2.568427e+02
2.575201e+02
2.582035e+02
2.588874e+02
2.595738e+02
2.602594e+02
2.609401e+02
2.616152e+02
2.622908e+02
2.629690e+02
2.636498e+02
2.643293e+02
2.650081e+02
2.656888e+02
2.663704e+02
2.670511e+02
2.677345e+02
2.684062e+02
2.690773e+02
2.697578e+02
2.704384e+02
2.711180e+02
2.717882e+02
2.724536e+02
2.731215e+02
2.737932e+02
2.744783e+02
2.751740e+02
2.758770e+02
2.765915e+02
2.773143e+02
2.780339e+02
2.787502e+02
2.794687e+02
2.801877e+02
2.809050e+02
2.816178e+02
2.823238e+02
2.830375e+02
2.837597e+02
2.844767e+02
2.851848e+02
2.858935e+02
2.865971e+02
2.872990e+02
2.880013e+02
2.887093e+02
2.894191e+02
2.901251e+02
2.908275e+02
2.915257e+02
2.922261e+02
2.929268e+02
2.936130e+02
2.943009e+02
2.949931e+02
2.956885e+02
2.963891e+02
2.970862e+02
2.977856e+02
2.984859e+02
2.991796e+02
2.998671e+02
3.005573e+02
3.012411e+02
3.019305e+02
3.026251e+02
3.033193e+02
3.040209e+02
3.047318e+02
3.054448e+02
3.061614e+02
3.068852e+02
3.076137e+02
3.083371e+02
3.090587e+02
3.097785e+02
3.104910e+02
3.112003e+02
3.118983e+02
3.125922e+02
3.132789e+02
3.139611e+02
3.146515e+02
3.153421e+02
3.160309e+02
3.167236e+02
3.174102e+02
3.180877e+02
3.187561e+02
3.194156e+02
3.200723e+02
3.207329e+02
3.214047e+02
3.220703e+02
3.227206e+02
3.233705e+02
3.240280e+02
3.246890e+02
3.253575e+02
3.260328e+02
3.267138e+02
3.274007e+02
3.280896e+02
3.287788e+02
3.294662e+02
3.301487e+02
3.308252e+02
3.314978e+02
3.321753e+02
3.328515e+02
3.335288e+02
3.342116e+02
3.348919e+02
3.355715e+02
3.362499e+02
3.369243e+02
3.375881e+02
3.382579e+02
3.389403e+02
3.396279e+02
3.403128e+02
3.409796e+02
3.416373e+02
3.422951e+02
3.429598e+02
3.436329e+02
3.443201e+02
3.450210e+02
3.457368e+02
3.464546e+02
3.471674e+02
3.478830e+02
3.486055e+02
3.493314e+02
